7994
852
3143
2616
2567
8549
3257
5386
1055
742
9394
6072
7188
8537
8957
2231
2005
230
7077
965
7565
3627
1197
343
7609
4500
5123
2419
6233
5547
470
5935
8104
1105
4534
2153
1279
7694
3147
8248
3831
8854
6024
7059
446
3293
2353
3793
1260
5867
1547
800
1861
3811
1203
842
1202
2193
1825
5669
796
2547
9102
9722
8568
3289
1605
4073
4122
159
8710
1034
7075
1451
2608
9031
5260
290
2128
2440
6120
5168
1445
1711
2996
4983
8822
6773
915
7671
4598
7349
5688
2959
6
4248
3090
3412
3452
7584
1039
4304
5827
7065
6250
332
9171
2428
1895
5857
4722
8742
4770
5610
9755
7400
818
2398
2014
9681
307
2286
2040
2617
228
6394
3621
223
494
7657
2483
3654
3479
6744
1769
6107
9174
1938
2888
8826
423
7345
1808
5249
2209
2084
6
1637
5607
4033
5668
324
2524
4797
529
3931
4170
714
6243
2041
260
9616
8883
4387
8858
5120
9040
2681
1549
7348
407
4329
5812
363
8145
6499
1327
1348
4572
2093
4682
9960
4367
1448
292
1373
5289
9346
1536
7576
4937
1613
1451
1986
8915
9183
6096
3631
4305
4988
4200
5051
9992
1713
5606
9846
3725
707
2898
338
840
968
1332
5738
4087
2243
9764
53
2086
2518
5087
1355
2622
6226
8253
5943
9387
8579
2848
1966
8387
442
3071
5407
4916
2747
548
683
1005
8072
4515
631
7807
3293
7581
7951
6037
8351
6676
9054
7234
4398
6319
5756
4682
690
7200
3462
420
405
1044
836
1806
5677
3690
1719
4530
333
2888
7090
5527
2476
4426
8442
6715
2470
9725
1441
2816
1858
1883
1231
3124
9844
8232
2738
6198
9028
5485
5000
2677
5327
8578
4746
2011
1003
5009
6396
1498
209
6376
1538
3606
2550
3231
165
4883
4730
4491
373
3952
2374
4131
4081
9925
2703
9793
5286
6409
8944
2651
7349
7366
2375
9315
1992
8913
7022
2795
4789
6261
3709
733
4755
175
606
9418
1293
2944
6369
1185
8870
1438
4882
4514
2508
1116
6263
4244
7407
8715
7358
7828
3012
4544
3415
4159
821
8280
6941
705
1355
5338
2235
4415
4031
2636
940
1058
268
2073
2052
9541
378
5889
7421
3713
8823
3489
5572
3559
1366
6212
406
3566
829
9274
373
9981
1577
1113
7024
4747
725
5793
7249
2917
4907
9780
1528
6880
4634
9526
3737
800
6601
5921
3409
8600
7211
4380
1279
5683
3219
4461
6208
9234
2585
2700
8011
9623
94
5338
1679
1585
2172
8003
1353
2169
8418
2864
9562
2428
4879
7567
1753
7706
268
6006
3781
95
2031
7206
2398
2832
2813
7645
6564
4856
9168
9279
6688
5731
3225
3046
66
4699
2376
119
7210
7905
7690
70
6987
6670
3362
4541
6492
8971
5131
5849
3153
9774
6748
390
8010
5957
5485
2412
2491
2808
7177
8474
5131
8618
4389
6018
5025
992
7120
1909
316
6294
5803
6512
9425
8158
7083
4871
3947
346
3197
2081
8125
8796
537
3972
7260
1980
7594
2339
1451
7818
9549
1365
3830
8404
6952
200
1380
1418
669
2613
8999
5008
2398
8694
8949
7796
3219
757
5708
8016
266
2727
6209
1746
4447
233
426
2091
2061
5161
8429
2501
2163
6809
9944
1176
6378
3999
403
3119
854
5856
4419
8758
907
5583
9616
9911
818
4944
664
5205
5932
8274
2437
7256
8630
3068
2317
6219
4525
8311
6554
4594
4
4204
2393
6224
3620
7216
5350
56
1220
269
6104
2690
7481
5843
1928
2880
9103
3487
6072
1105
2504
3370
5522
7382
1717
1381
1646
260
9955
6147
3704
1417
999
9033
1233
5410
654
2113
389
1308
1646
7797
878
6218
4833
9530
8375
1271
6403
1290
2019
6412
1625
2359
6158
3764
5908
7389
8884
4381
1575
7191
1441
3714
4949
4549
6584
1031
479
2348
7209
1077
4957
3695
6701
7495
6698
6396
2355
932
3989
5498
8656
557
421
3746
5954
5929
6348
9387
8406
7488
8096
5195
539
6277
9062
7322
4167
4119
7119
1273
1176
6985
1384
6531
3293
3409
7837
3122
4790
3902
7774
9334
4505
1710
2580
8498
4039
2990
5589
6215
9118
7219
4790
9765
6528
7321
2417
2767
9764
2746
8392
4702
1339
5169
264
2649
4278
5120
1265
6084
279
1806
8309
2102
917
6773
4511
8975
451
7483
8054
7258
1059
9951
7954
8511
5847
4647
7039
5772
7528
952
368
7077
7035
725
8341
4474
3345
6987
1023
5816
9869
8621
8019
883
3772
6923
9182
7234
9984
5992
5576
2443
4333
796
4908
7664
6920
6711
6823
5610
8908
8744
7375
5302
2974
8333
5302
7741
7012
4875
2175
9784
6594
1745
2272
3299
8389
2072
584
2258
1108
5757
4627
546
1876
1906
8460
8689
4618
6017
3074
6560
950
403
302
439
4158
2257
9940
5962
4632
1689
9112
2379
9933
2626
1075
5825
6314
5331
966
2727
4281
1905
9086
5351
9456
8632
7976
1673
5799
1261
8967
8982
1840
8945
1060
3250
6498
184
5686
5962
1158
5227
642
458
1350
6138
3540
2706
8530
9622
6367
8714
6406
9150
241
6723
8441
5064
3851
9168
3766
723
7855
3781
1520
8890
1515
1422
7890
2155
8917
644
1605
8633
3207
2268
5989
3967
4493
8736
5014
8295
3852
9986
834
4554
1253
7837
3031
6792
4731
654
5503
5034
498
2404
8304
726
1160
9572
9909
5026
5112
688
9356
5485
5964
2985
978
1227
7859
2018
9644
8975
5972
8775
2903
8606
2690
9646
258
913
288
9772
5514
5483
6759
9611
3334
3676
9445
6475
6117
9077
2696
87
7861
861
6332
249
9893
7076
7745
6736
6365
790
1840
5937
7164
5842
5295
9180
9986
3259
1220
2625
1984
174
2214
3475
6124
4005
6842
3371
2057
9708
6429
8912
631
8578
8285
3093
2759
6867
125
7619
1953
6067
1592
7561
1849
6989
1685
1249
7679
8397
2012
9478
9543
7867
6009
2611
3481
8409
7614
5661
1417
1902
6782
2243
2313
6724
4055
244
4350
2767
8383
4402
3249
4176
3619
1126
7174
6825
9116
9509
8866
9633
5411
7521
2040
2441
5765
1715
7813
624
9818
5671
941
5765
6099
1240
7621
6587
6899
2895
3123
4834
6080
1206
8227
451
106
1041
9803
3548
2251
5391
7441
4541
5182
8108
8076
130
5445
3259
1592
3122
6998
5428
2749
9287
8598
376
4098
6495
3865
8092
6751
8242
3112
4389
4928
8965
5956
4177
8385
2175
3162
871
4598
3898
6120
5055
4393
9516
1951
3028
8426
1574
6489
8345
946
2813
1436
7434
9352
5207
256
8117
9352
7752
7854
9161
1457
5294
938
8798
5246
8378
1330
6773
2663
2752
6807
9104
5257
7072
1291
117
9219
8694
6651
304
1618
4574
3648
5207
2127
1293
2401
2178
7032
8780
2251
5738
1517
6518
2003
5632
4699
7412
5339
8929
8494
4887
1315
5161
8610
4390
5186
4167
7707
392
4102
6880
7302
5156
1672
8102
8464
3751
4883
3641
5109
9094
3958
5950
4411
2916
8200
9568
7504
7959
6716
6484
7314
2822
277
5058
1614
8181
8924
8129
5994
2389
9247
2273
9751
4725
3820
2767
1
8622
1615
5572
2585
1581
2504
3871
2277
1810
1296
2421
3638
2745
8862
4662
2714
582
9813
3089
643
7511
3504
5499
6248
836
3521
5916
4395
9642
4117
234
3979
5145
6460
5194
442
1483
9288
2420
7314
3718
9621
2935
5059
2387
2584
1997
48
8159
2602
2176
8523
6562
1799
5853
3470
623
6609
8632
4188
315
2923
1008
4934
2370
5379
9428
8882
4694
1423
5062
90
6201
9756
2319
1873
925
8867
9267
5803
9817
6813
470
7293
1871
1320
9312
1026
6444
1994
941
224
7808
8005
7208
8539
4239
4284
2121
1784
6695
9589
5804
8468
19
6543
7636
7238
3678
2262
1631
2067
8556
7173
284
977
3398
9756
1003
6814
661
4178
292
8353
2769
76
8730
7760
7273
8414
4049
5012
5318
2945
4734
1450
203
1382
3950
6924
9392
8570
6490
5456
3344
6667
8089
47
5151
6666
3206
2632
5440
5921
6596
3637
9269
3415
6015
1167
3960
1266
5685
3646
1818
9756
9716
2563
7755
1160
486
9754
9161
9927
91
6490
7420
3766
2821
8655
4561
1787
4906
4810
6149
1008
5621
4822
8197
3551
8350
158
2756
7359
6123
9214
4269
157
1927
9240
2409
2094
3395
2696
9202
5876
1994
217
9993
9039
345
5705
5878
6727
6702
8042
9662
7015
8367
5403
5561
6811
31
1735
3620
9470
2462
2460
8629
2765
5854
671
942
352
2989
4701
8083
602
3999
53
4543
5774
5147
3781
1236
501
9738
7090
4353
2541
2763
9788
8025
8004
1435
5729
8018
4166
3187
3344
3211
9763
2066
9953
3330
8661
2044
3939
2260
1232
2291
2246
7750
1050
9717
219
3428
6765
5703
7849
4568
1675
897
4369
9069
8274
3481
2035
8916
9040
6484
8274
6983
6280
602
7478
1052
3541
1961
7793
541
3999
8061
8645
565
204
703
499
2061
9352
9595
7975
8921
5064
4551
7522
2828
1708
401
1687
2483
2707
1928
5643
5729
9315
1422
9239
4326
9769
4907
95
6853
2542
3045
5624
5446
2363
6144
3158
1865
3966
4193
9027
1997
4381
9671
1303
8560
4266
9739
7476
1927
2040
1559
4753
5888
6046
1190
4058
4870
377
8907
1126
3013
7910
7828
3465
815
7680
6544
9338
5454
3719
3886
7095
9883
9554
4664
6984
2335
9318
9584
3330
888
471
7114
5197
3485
5518
5419
3592
373
9420
1680
5916
421
5791
769
2510
3833
7330
2103
472
566
6361
8076
2170
7405
1534
9330
5053
3650
4869
8567
1545
2813
4151
1720
1944
5200
4189
5700
5098
5563
283
7874
410
8365
6512
6308
401
3164
746
4414
1673
4519
7055
9474
6004
8121
2297
5934
7983
1584
6338
1401
3409
7119
5793
8201
248
7297
8691
5865
5895
5600
3533
4601
5304
1253
577
1126
8680
8976
8384
4764
4499
8057
5599
4105
4254
9864
7612
8131
6388
3107
6547
573
6882
9190
1900
6310
3511
3928
1991
1362
8902
2683
4603
366
4975
3076
363
9054
6189
172
7259
1369
2496
8742
1969
8535
9870
3666
1503
9274
1173
305
192
1883
9989
8682
1697
2726
9884
4365
2
2648
2641
4982
1645
3368
5781
1251
5654
3396
4599
1625
9875
2142
8423
2021
2479
5415
8637
4831
6249
5177
6923
4851
9378
9979
8048
1219
967
1057
6734
7463
8812
1795
2927
2167
3834
8735
3299
10
3641
3537
1181
2480
2530
3617
1488
8461
1918
2398
1939
7398
3459
282
1900
6305
6385
1750
4748
6696
3751
1840
5111
9967
8076
345
3944
2647
6907
5756
4018
1473
3389
7708
6041
614
7005
3101
4578
8215
4185
8758
6761
6913
4693
8725
1890
2115
2596
2931
2146
979
649
8074
8046
6509
394
1460
5476
6333
9319
6182
4713
5648
6906
3613
4882
2646
1647
3751
8103
4859
5045
6006
149
2118
3606
7104
3587
6545
6804
9802
4056
8666
4980
1383
5019
4073
1311
6075
4602
6339
6086
3157
7535
9358
2535
3340
704
6695
5822
1193
6150
1553
3213
7270
4753
8798
6574
3413
5673
7282
744
6420
968
1398
3857
3087
4726
9227
7171
1207
4005
2815
482
2290
4926
85
1564
1218
4875
4080
9922
5210
2023
6576
2039
687
6051
5937
3766
5339
3275
1599
5257
8456
2360
1247
951
9739
7847
1962
29
4415
1962
4651
2337
6115
237
7659
2690
3190
4363
5930
7060
5283
5474
561
9515
7704
9589
2326
6374
7499
3505
1888
5822
1054
4386
4556
2655
3746
3206
1855
9350
1035
6818
9469
6971
8563
6036
9801
945
209
3432
3805
5212
587
8239
2029
8274
8617
6510
1655
9381
8668
9923
5661
864
6511
492
9175
1920
9981
2683
834
3701
5251
2517
8094
729
8791
9643
3815
9840
9306
4715
6305
9537
8922
8503
7385
1124
5962
6325
186
492
86
2537
5550
5143
6594
4192
6150
2723
242
3534
4251
1827
1792
8603
3925
979
4585
6522
7660
9224
8057
906
7998
7291
552
896
9856
9976
3892
5844
152
6738
7153
571
2074
1898
1919
133
3570
1759
6028
7768
1506
9880
3161
1917
8028
6112
6192
6889
8882
9121
1814
7534
2187
8452
8206
2035
553
6919
8799
7474
9753
3408
2198
2465
9803
7937
879
3027
5491
7821
224
6607
5422
5883
7942
433
8505
1080
3557
2944
2911
4193
314
1264
913
9554
3235
7752
1243
4216
8689
6455
1461
4046
4476
8643
2263
3014
712
7650
4704
2421
5416
4956
8409
5268
8032
9425
9429
3557
8014
5031
4764
6515
2764
518
6024
5389
6687
7560
7743
3236
9348
3627
3715
8755
2940
441
7031
1518
6437
7146
8275
3630
3883
2472
761
877
3102
9763
9144
7772
598
3782
2881
2797
7220
394
4264
1774
9307
185
9293
2755
7103
7126
6460
359
701
6715
9570
2484
3611
4723
6466
545
4833
2489
2359
187
8904
2385
6426
6216
9266
7973
2517
4392
2283
4978
2185
5548
5998
9109
1949
8956
4362
8992
1145
1011
3335
4466
466
5118
1108
1957
3814
4981
1635
4793
970
5321
1735
2129
2626
2399
8908
8365
6818
2827
7096
2264
9538
4576
1360
8723
7959
2663
1310
3025
5183
1119
5042
8212
8189
4964
3879
4952
3591
8083
1816
6687
2252
5804
1202
2829
6761
857
4107
468
4046
1503
6883
307
3117
7746
4154
5402
850
4877
6978
4162
265
9346
2487
6154
796
6047
4652
3717
7805
9250
904
6386
4211
1343
7457
4988
4888
7151
3607
5172
7586
8459
7412
9995
5680
4969
5603
4740
344
5702
2639
169
1278
5381
2029
5709
1463
8727
9468
2786
9967
1675
3051
1324
7208
7976
3965
3638
1797
633
3081
6419
406
4680
4996
7816
5956
9950
5555
6008
2975
5417
3947
8879
149
5472
1420
739
1254
3539
7678
7832
2326
1270
2106
8148
6723
7455
7500
9411
5480
8910
7896
6299
8897
3021
2026
3089
9712
1880
9090
5998
3168
8943
8800
3725
2007
1353
8109
9862
817
5660
1946
1824
3098
3274
8844
2722
3356
637
2617
8539
6507
7847
7580
6114
6269
8211
3135
5200
5918
976
5449
9646
466
8607
1174
969
6252
3019
9239
2605
4223
4905
9945
560
307
1184
8202
126
8363
5786
2713
86
340
7099
1358
1922
6384
7922
106
9132
5044
6782
799
3872
6767
1378
5587
2477
1020
2556
6114
3248
9593
4035
962
978
6873
9519
7579
1888
7047
1341
3430
3180
5021
115
8148
3458
9923
8929
6963
8238
1835
8793
1005
348
1853
1632
2641
175
415
2005
6966
9750
8471
2145
2061
7309
1060
1056
1303
5984
8137
7615
7559
5317
9020
8598
5497
9674
990
953
8274
396
1467
5833
3322
1658
7861
2848
3480
1593
5580
9965
9724
9289
1985
8508
851
6616
8795
5130
5094
5142
2714
9560
4596
4057
2313
2509
8946
8738
6041
8353
224
1855
8924
2215
7470
9602
2047
6987
7022
7090
860
3293
3707
1024
9151
9804
8251
4333
279
3798
7137
5770
1439
9534
5654
2560
1918
8368
9897
2498
1116
1826
1236
1695
2390
6043
7329
7964
4019
2344
8269
9858
2103
9868
6236
7795
1336
4584
1261
3187
9984
1211
2543
3493
5635
76
9620
4051
5282
8182
4981
322
2910
3315
8583
7365
4320
6444
6476
4208
6809
4624
5532
8688
6661
1363
486
7194
2262
4344
7426
7042
2814
1475
585
3149
8973
5592
1463
120
4124
4984
7759
2490
472
8333
79
8071
371
803
5414
551
7496
9706
7668
9670
7854
473
4865
4957
9071
2454
9296
1522
7945
5251
229
8795
3012
2363
6693
9657
6133
1133
5949
1266
5202
5335
1318
6927
471
3064
1575
119
3817
2575
4076
2795
505
5383
9173
7109
2956
1383
1042
1691
8824
4229
7373
8168
8897
2380
1368
2684
6037
8942
4202
2594
9156
4651
9508
7107
3284
2657
6552
3562
5860
1158
236
2583
3712
8069
2907
584
8532
2086
4605
8837
9333
1121
2073
3754
5660
6739
4856
6523
1764
7282
6859
2707
3974
4014
4095
1853
8978
7273
1632
2438
8833
2488
2172
9155
7001
7066
2490
1535
7233
4617
2475
920
7622
4126
9615
4491
7453
3946
9835
4092
9977
8818
2426
443
6415
1338
609
5539
3688
6694
5031
4757
3064
9309
6453
8229
9709
863
6810
8099
1145
3672
5987
3196
6115
773
1145
2994
779
7143
6763
1145
1613
8934
1870
2163
1128
871
657
7071
5056
657
4662
8814
6768
7932
190
5590
1604
43
612
2090
7477
1356
1485
3753
438
4078
270
9398
4496
9650
4943
6265
9113
9573
7551
3444
5113
9804
856
6488
4992
5457
2596
8280
4978
7614
9344
8158
9493
7911
3871
78
3021
2717
1394
1816
4950
848
5831
4753
882
3892
1456
3636
5346
3703
1526
6308
7722
2738
6669
1126
5841
8415
7833
4349
6150
7786
7649
4614
3386
1562
6259
6773
5225
3602
1449
5599
1050
6147
9755
2090
1802
8005
6693
274
2995
5317
2778
1997
8963
3377
1336
6689
4218
2338
6302
1892
5556
1449
9387
4772
329
1885
3305
7177
8353
1108
2395
2760
3339
6064
9202
8121
8703
3692
4358
3259
7939
3895
7219
2662
5660
8368
1410
8945
1013
9363
6393
4997
1892
2850
4918
1282
571
8024
1304
4432
92
8666
3822
2713
7921
479
5493
4310
6459
1137
8699
807
7561
1012
457
3510
828
3463
6753
6494
312
7113
5125
6968
7902
7038
5144
9622
8631
7378
5176
1972
4947
9885
5868
6012
2404
295
2410
1337
2292
4094
4509
2894
750
5429
9493
5127
8764
127
7775
9072
7709
1469
1975
7557
9753
7541
4283
5338
2231
1140
6770
5836
846
3012
4748
503
363
1905
7900
8026
244
4792
2659
6168
2362
5234
3791
5616
7188
3392
8196
8175
7529
7639
6121
1268
3198
4222
4326
5109
8898
4293
397
7888
9765
936
8919
9636
9648
8260
1296
3489
545
4570
4566
1805
8757
2306
2509
1225
6172
6769
2279
6435
8375
3550
5362
749
4645
2657
3346
142
3823
78
1761
2600
9872
6721
1220
2458
4073
569
7168
7750
3012
6634
2188
6581
7799
1245
665
1258
907
7339
368
6549
2046
6459
5498
8937
7318
1992
2726
15
4775
7222
1798
4732
3382
5302
3963
849
1727
1064
4243
2817
2580
9904
3568
105
6087
444
1274
7627
8939
7893
583
9579
4613
3573
954
6910
5096
7080
4394
7135
9954
3782
7301
2724
5937
6255
3845
6753
1130
5768
8177
9915
3771
2405
4519
7583
8959
2087
1513
9764
5698
3096
7125
3886
886
4197
5849
7733
4213
7420
823
6742
6295
8837
3061
8696
2759
2102
9801
481
609
6193
4323
1178
7295
9569
6939
7057
485
9381
5484
6317
1737
2252
1969
6199
4407
354
4000
6455
6019
7146
7796
9676
544
1420
5263
5056
4193
4464
2383
9644
1694
3180
9424
1800
5145
4235
3267
6629
9010
1023
1453
2382
9960
4840
3171
540
224
629
613
1802
6987
2266
4409
6841
7107
8195
7017
9589
5702
2376
1615
2983
2951
7521
2688
6811
5505
3884
3719
2773
6077
9500
148
6736
5622
2213
9332
2071
2123
9094
8898
1720
5941
1733
302
4741
201
241
1134
365
640
5044
4674
3771
613
2103
252
7069
3375
635
127
4791
4736
3861
3688
5673
1869
3130
2363
6015
9855
6380
5151
6135
9592
3603
1196
2712
4474
735
4579
833
1941
780
975
9184
3488
2535
2411
1572
1642
4017
9332
9285
5073
3106
9425
6402
2499
3760
1952
4891
7443
1375
898
8657
7006
8875
7818
2923
4382
8340
6786
7498
7662
841
3246
926
3584
5449
9157
8538
1084
3733
1486
3990
4841
8330
567
8116
2593
4910
3868
7893
416
1224
133
4877
2365
421
2512
3140
2045
8281
8578
5006
6515
2819
296
6302
8876
6804
4643
8166
9291
5824
51
3938
1600
3350
1091
6454
655
2029
9957
3204
7502
2399
9935
6835
7742
8523
7095
3964
2158
8501
3243
9991
4028
2785
8708
8214
7150
5280
5484
7104
4512
2042
1805
5297
6110
8541
828
9039
309
7972
4310
2912
1701
1324
5385
8554
4793
5331
534
3292
9850
3505
5462
2763
6385
5916
1147
2399
3852
3350
2456
1216
7347
474
1299
8763
3403
9767
2074
9945
7530
236
2628
1937
4748
981
8490
4972
3062
3173
1269
2922
1753
8821
9609
3924
2121
9259
8051
7426
7007
4510
495
2814
6283
4921
1934
6168
4478
6686
4053
6923
647
3725
8393
9727
9884
917
2650
5776
7212
1786
9357
1952
8771
8232
2527
9449
4893
2807
5942
7461
2302
3279
4234
6194
2162
1054
2117
3872
1840
2744
150
5244
8644
750
5628
6866
3550
7858
961
9870
1493
9
7093
2308
2239
6546
6909
66
3477
1191
1883
3970
5235
2434
768
9332
8174
6418
9104
2139
6729
6877
3445
1094
89
8264
7206
6770
1992
628
6216
7071
3575
2395
1157
1520
6071
5133
3453
2951
6233
916
6251
6784
1732
1310
5818
4956
2632
1500
5159
8529
4657
4582
6712
2640
1438
5090
8237
5688
9122
9077
8134
7481
7947
9832
470
9947
1841
8078
4246
7264
4945
1430
9965
1335
7531
4732
7567
9474
7272
5893
4163
3434
1568
4075
6889
7266
1499
229
5451
2698
1430
5770
7828
6581
6985
6151
7263
781
8166
6032
1073
8613
980
8516
7257
350
6030
1316
1127
5742
5110
9364
2235
5615
3213
5667
5071
8804
6967
88
584
9713
3066
2606
8872
7371
8184
4289
2616
2814
9630
665
2645
9054
828
3670
2904
7695
437
7933
3002
1369
2585
9090
7111
8358
5778
2390
4819
7534
1355
5716
4218
1478
7992
4198
1772
9300
1393
125
5385
7670
2321
6369
1834
9859
3327
7494
4993
8993
9930
8015
4929
409
8490
4119
8768
8857
5253
8302
3851
8488
4367
7264
4715
1103
3366
4493
3960
8262
7117
1412
4971
4269
1062
2401
1208
1516
742
761
7692
6540
2420
484
35
600
6737
3674
6029
1598
5295
1248
9585
7611
9755
3365
979
6230
7853
5689
9794
2139
2674
6078
4085
5435
2183
5201
3032
3729
6616
6122
177
7160
90
5281
3912
1660
6358
6084
8262
6671
2135
2871
6365
5597
4695
6219
760
8401
8852
8242
7796
9721
3273
8386
8752
8520
7978
3304
961
5419
687
9167
7705
3278
5557
6145
3545
5295
8737
2620
8148
4226
9671
7529
9926
9591
5946
3737
6820
3690
8037
3633
6182
7322
2009
1080
8307
9244
2248
7967
1115
9184
2273
1824
8843
5684
8477
7833
8381
6887
378
9195
8910
17
1605
8910
1236
418
2621
5704
7999
6536
7510
7134
5630
4932
1564
3241
9862
6159
3064
7005
1007
2377
8583
6198
9936
9699
9
3364
2028
8270
8440
825
7084
8163
2074
6191
5423
6420
7256
6543
6447
4211
1952
5040
2678
1761
2504
4125
6609
649
1700
3723
3380
3263
6409
7337
3406
9011
4515
9544
2254
8795
4132
1005
9750
80
5022
2340
4544
6855
9203
5319
2094
6818
939
1904
1861
6232
7750
7627
5053
6931
3698
752
2370
7624
431
3856
4991
2909
7857
1437
2060
3190
2086
9567
7301
7248
4825
8580
4814
2961
5702
4040
947
7295
6623
3301
6340
3217
8110
5052
9473
2051
7803
677
9042
2158
7681
7316
971
743
172
5132
5838
9239
2054
984
673
5051
131
9928
2145
2428
6345
6585
9559
1409
4355
8600
4506
9572
9512
2344
7461
8659
9799
2642
4155
5544
5846
6684
2632
4699
7564
3277
7674
102
7836
5440
9648
6169
1091
2423
4913
2159
1379
8706
7793
3296
993
5424
6143
3065
4699
2854
2690
2233
1438
2350
5397
5678
2199
2801
8416
2559
2105
1239
3050
6459
9423
9454
9020
6114
1058
7594
119
1041
5101
6332
6057
4388
2127
5190
7964
1752
2608
1806
6607
1087
3208
8225
7385
4135
9132
6682
6235
7709
2907
8179
2677
2670
9160
9723
4124
3230
7656
3528
4458
8876
7999
2799
5303
1718
2086
7570
9143
1833
6224
7369
3972
6364
2636
9716
8894
7245
4157
8448
79
828
7817
7048
1427
2311
6207
7582
1912
4229
13
9338
7091
215
7377
6082
5332
5148
6702
3259
250
1492
9184
4047
2858
2039
2148
2831
1164
5015
9906
8395
7254
8195
5116
1823
1101
8174
5916
1776
1577
5887
3225
2392
5801
3290
1194
6030
3719
143
542
6746
1549
897
251
4823
1880
458
2278
9066
9595
9437
1362
6994
8375
4460
5660
1968
426
2267
455
8457
8390
5045
1123
3849
3604
3853
4228
5434
5816
5000
2448
8006
231
1129
3304
6250
5734
1260
8458
6475
6516
6183
4167
3821
4603
4334
3505
738
2291
3047
2647
5648
3704
2445
4580
358
4908
3032
4677
6191
8592
8077
1690
3576
5952
8018
9038
7823
4124
9685
394
8605
1182
2909
3543
5862
4873
2593
8675
7949
2046
8184
9366
8781
6645
7825
4901
7894
3818
2244
326
373
4022
8871
4581
1015
4224
1078
4342
911
8371
6573
2061
2790
2546
9256
9835
274
9737
9613
1001
3371
1973
4568
3674
697
9655
7591
7659
5154
1365
1047
4079
7459
162
8639
3401
604
5792
4571
152
2593
2034
5596
634
4623
3718
3006
8506
3324
4755
1370
7980
8865
5744
8301
8220
6108
5717
2681
9937
4625
5510
6522
3959
8802
5613
5308
4701
1951
8327
6443
828
751
4754
7722
330
6255
7508
9464
142
1450
8800
9440
6916
9018
2261
9169
771
2669
1128
2397
2014
2588
3907
6661
3112
393
9518
8565
8235
5687
3661
1084
314
8974
5018
7823
3029
5326
3652
383
445
1268
6823
9928
1081
2203
1822
1706
6985
7141
5495
6109
3977
3579
5606
6977
9800
1169
4333
9236
8025
700
3323
7640
441
5496
3554
5300
3187
3270
6045
1193
240
5731
8785
72
9715
7823
1651
4130
9332
6460
1738
1552
3579
3157
2119
1124
4640
1937
8595
8208
9600
1368
5767
1702
2627
5957
9938
7919
8459
9773
1046
4848
2703
7967
3492
9945
9098
6300
1434
6640
941
2201
7786
3758
8380
7906
9116
4744
6136
5378
8615
1969
8920
4160
3612
9773
6174
7868
8755
3513
5239
8315
6410
2442
8898
1279
298
9684
8709
1850
2253
5884
60
580
5950
6127
9140
8203
1967
8227
5144
7115
1249
4303
4521
8271
9167
8647
8275
3382
6204
8283
4189
3401
9582
2593
2241
844
9099
2255
9533
1410
4883
4957
7289
5222
8014
2123
890
7144
200
2879
7639
4645
2201
2898
2602
9451
4442
6027
5705
362
6261
8491
1942
5022
7708
4827
8499
3709
333
1763
6826
4012
9797
1709
8348
7159
7378
810
4632
9920
3037
1987
7486
2872
4952
2738
9173
6172
2836
1601
3130
241
679
467
6634
2499
9324
3426
4097
2635
3290
4073
9044
8639
8858
2131
6844
9294
2451
4084
5636
4444
9400
2519
5365
1339
3525
8871
672
6235
214
8737
7564
163
57
1674
5136
640
8196
6349
7811
6717
2266
1720
6146
3604
3626
5272
3203
1940
488
6673
2375
5188
6832
6194
5380
9766
8025
4713
580
5696
9367
2787
1144
6375
2771
4103
3058
8044
6718
772
769
764
403
6231
2366
5475
8125
2786
1271
5584
6522
8905
4825
9343
878
1182
1219
6979
6330
9280
8345
1634
1711
1088
1126
5302
6046
3652
7510
8800
2513
5855
9219
3152
5855
5808
2366
9074
7772
6618
4480
2587
1663
8404
2
6197
2937
2098
4458
1976
5170
8884
4918
9385
9430
1886
2654
8007
9344
3512
7109
6323
1830
7206
4528
736
2853
3178
619
3020
2142
2392
4152
7181
2033
3931
5353
4991
9641
2774
6256
8397
9049
5438
7221
5311
565
2646
456
195
980
6939
3671
6750
6148
6881
8722
6708
8942
9437
7565
4183
6043
2181
1190
2077
2600
4308
2599
4293
4550
9027
8430
7291
3014
6452
9212
5098
5619
8352
7147
7745
9807
8325
3284
9
8339
6152
7871
7206
9441
5745
6843
5996
8444
39
9921
787
6107
1193
2196
926
5385
7583
2380
4345
5425
9504
5284
1618
2024
2133
7696
5642
5227
9358
6307
2587
3739
5507
1472
235
8518
8862
1903
7378
2472
6471
5954
2537
4146
1840
6104
7203
6793
2691
162
2656
722
536
9637
2608
4141
1867
4959
9045
5487
7326
765
6460
9077
4651
8604
1214
8117
8380
9391
1041
951
3966
3857
3956
6085
3571
9483
7532
351
6743
3416
7192
3889
5558
4134
5755
489
9116
1376
523
1076
5117
7258
1862
776
2502
6237
197
727
9491
7460
7955
3634
8691
5014
8015
9068
9304
4533
6271
2865
2420
8901
5864
4919
641
449
8076
4820
7423
43
7284
4096
5683
4050
2814
4956
1661
3689
1880
4915
4683
5766
110
9968
6029
8696
624
9088
4793
2189
7111
4233
544
8498
5689
8188
2992
8988
9307
9511
9547
3639
1175
1661
344
1981
9903
1898
9481
5401
3904
2562
7581
2701
6058
793
3350
993
5103
2681
1389
6588
9226
5119
9460
1975
1090
310
7117
3360
5743
3865
9162
2733
8685
4195
4949
9555
3662
8809
6992
933
245
7786
1871
2624
9840
6646
4469
6951
6645
9693
3276
1674
2817
4809
2889
8684
9436
3983
5887
1445
1937
5186
227
3013
6477
969
6480
2315
6726
2593
4444
4965
590
1861
8538
4169
3751
526
9650
2899
5082
7750
1934
1823
1875
2289
374
8633
1663
5214
9470
9859
9000
3866
4846
2519
3088
3495
4754
1774
1677
4315
1299
7297
964
5531
5239
1934
2185
6825
8372
8588
3189
7787
2747
5682
1417
703
1298
1414
7186
556
3634
6722
765
8298
9875
4411
4461
2133
9652
3716
3195
4734
9007
80
7566
8386
1388
7560
6715
4095
2101
588
78
9589
2859
637
4714
1193
871
1738
1757
7104
5283
8889
392
8265
5850
9737
6717
556
3884
7125
1449
1538
9927
3355
6773
564
2003
3118
1015
8889
5980
8890
575
5178
3318
5574
8831
7993
2444
9438
1305
802
313
9185
992
3248
8059
9128
5080
7442
1300
5257
2095
9344
1171
9514
6832
5513
3234
4954
4245
3614
7137
3069
8605
8197
5236
8118
9087
566
5817
5002
6398
9834
4060
7474
7773
6886
2702
8337
2181
322
275
2871
116
6926
3531
6069
7864
7223
8531
8146
3821
5911
9149
7822
5507
7291
9789
1861
4595
5305
8310
2966
7779
1233
852
4052
8664
5283
731
3772
828
4497
7552
7928
1521
5527
9783
2884
2933
232
1405
9279
6486
4811
4806
2965
23
4422
3754
4666
9955
2761
8155
1289
5297
2574
6154
9022
921
8703
6778
1425
5703
4121
9941
2660
5037
544
1919
3246
9742
5155
3736
906
4472
9042
3349
665
5537
7629
9505
3135
9094
3182
8336
285
8975
7513
1028
2922
4519
1571
7460
5175
1659
5585
2617
5267
8721
4307
8379
1725
5099
3153
236
2616
8268
7028
6002
6516
5610
5496
9483
2602
8660
3744
2749
9848
6246
4715
1068
558
3227
774
5839
5720
9891
6898
8052
989
6117
6071
1283
1847
4294
8697
1217
1668
4922
1354
438
7388
138
7152
1729
9908
1863
5784
7274
531
3646
8923
5768
1011
4605
7360
4196
9946
68
1075
7086
1033
7328
4789
3039
8421
6180
4035
4287
7892
9737
1531
3543
6346
4728
2268
7113
7861
2933
3101
9775
774
654
5425
1922
1025
4467
2074
4028
1558
969
7212
623
9809
5178
6339
4199
2446
2560
263
5422
1554
1810
6767
1423
3270
6861
9364
9341
773
1590
888
1796
296
1391
5590
9152
9920
6888
7051
509
2148
6008
7717
7935
8763
4588
7995
4532
1740
7104
3486
3430
9956
2956
7663
1092
8696
1424
1969
4948
4459
1347
6799
4098
7779
4616
8561
2684
7447
5266
9659
6337
5659
8778
5543
5591
8080
430
2261
1324
9237
3660
8655
9951
835
7088
50
9856
5511
2410
2458
8837
3473
9507
2652
9423
1485
3729
9562
573
7631
2954
8659
5119
1157
4742
1417
8525
9448
1367
3031
7240
1298
717
8499
9457
8966
837
3920
5930
8957
2290
5447
442
1101
1631
9959
1429
9263
9540
1594
3706
3232
2631
2506
9678
5592
2308
7684
1738
4986
5392
6667
2465
5563
1403
9056
9253
5095
7396
3426
9514
2160
7105
2704
3098
2136
4303
1622
1290
9617
7495
968
1341
5746
8002
6584
4824
8269
3454
8926
3062
9391
449
921
3629
5864
6253
9681
2241
7004
2677
2414
4487
3369
5839
2702
4669
7338
5130
5779
3864
6171
3218
2844
7261
8173
5490
438
1812
3612
8633
8577
8698
7792
1041
3239
3814
5617
7676
3035
1391
142
4687
8895
9483
416
2115
2760
1387
1738
2745
9190
453
2132
1438
1854
3618
9481
848
6074
5578
8397
176
613
2140
9587
9928
767
8083
589
1023
9560
805
9765
4154
6106
4045
4556
6966
9047
9548
6338
6803
3845
4347
1365
2595
9783
932
2909
5315
6895
1346
4519
9513
2320
8022
144
895
2041
5180
7205
751
3006
6349
4329
5600
5913
5237
1095
3295
7202
3816
3640
7985
5898
8049
86
696
5118
1483
434
6692
1530
9716
4532
6556
8764
5503
6337
7054
827
8600
4241
1491
3208
7789
6562
4566
2643
1035
8759
4183
4481
6151
7653
762
5660
7743
4095
5461
732
4224
10000
8267
7237
8808
570
4786
1089
2110
9308
8700
9519
2753
57
2516
539
2191
5159
4855
2017
8632
5861
4581
8684
9649
8353
2327
3140
1597
2616
1252
7272
9865
3823
9887
967
422
7122
3395
3749
973
635
5458
5740
6798
6437
7738
5921
4986
3089
6825
2217
9970
8601
9618
2620
1935
7219
9200
8041
6995
4457
1531
5930
7487
2855
4121
2136
8343
9332
678
8978
2515
6164
5207
5739
3575
1980
1244
818
6134
6520
6324
1125
674
5531
3525
712
1767
7237
6156
4227
5001
3545
2706
1210
1770
4015
96
8785
33
1927
5108
2319
5528
6016
2388
994
676
8712
8994
2772
2266
8660
225
5245
48
322
9015
7928
5202
4589
6228
9722
4199
8929
3058
3697
227
1264
733
4185
7709
4757
7028
8165
1636
3510
1393
4380
6605
2703
1589
2641
9008
8685
1960
3543
7685
4535
9600
4245
6665
2500
9007
7783
1317
4777
1042
8982
7664
6226
4439
3001
4500
1092
9727
379
2527
6240
1477
1230
1851
682
2573
6288
5887
1738
448
1917
8551
9314
4503
1254
642
2930
6806
289
5067
377
9755
1505
27
5869
3415
9591
8284
2717
2829
7209
8257
4996
6312
5506
6116
4496
4594
8426
5264
4
8402
3191
7904
3691
357
5555
7223
3807
4032
4353
6146
7369
4165
715
3322
2057
5349
5245
623
3144
1669
4679
8946
4843
7203
1935
8321
1115
7707
4309
4025
8867
6789
7115
1910
1818
129
2597
9327
1794
5046
8477
1696
5280
2183
7675
9159
6461
24
947
7827
9932
687
6590
7546
5117
5406
5565
1067
2625
9376
2507
5731
7983
370
371
3187
199
9732
67
2705
597
768
863
5310
5991
8058
8457
6441
6722
4408
6303
9890
5763
1732
5589
2609
2818
5968
4981
1704
7931
1706
6596
2934
5744
2160
6567
4638
457
2485
7269
5943
9886
3141
3871
9797
3734
8981
2445
5208
1985
7566
8923
483
1203
4060
2100
5520
7521
4962
4622
8498
9361
4209
4535
4858
9277
8968
6237
1775
9337
813
4052
3224
2534
2365
2323
9947
6165
9553
2336
5564
4592
6818
7806
6334
1941
1566
2628
3261
2004
2251
1392
7231
1595
1036
6524
8024
4448
8626
2383
3165
1471
84
8039
1564
1221
2434
2437
1466
4988
6246
1369
444
3927
4972
8881
6779
8785
5555
4220
113
5009
3188
6356
7369
4433
6515
8843
9014
1391
4453
6628
5522
1075
7537
2934
811
1826
8361
2893
4809
5331
171
1633
2850
8112
1394
5003
8673
2127
1971
1701
8725
2321
9685
273
2054
26
1312
8317
2782
675
6329
293
7541
7485
7821
5753
877
1735
3421
6529
9647
1905
5384
7455
9686
1233
3711
1492
2554
246
1397
8741
7344
5692
9141
831
1952
8415
1801
7849
7110
2676
5160
9929
9902
692
223
8521
42
9834
1907
3115
9334
1775
2278
9243
2382
1651
6105
7828
6478
9311
4593
6790
8745
8377
5517
2647
1406
1992
3462
8119
2616
969
7335
7944
1429
7505
1440
2109
2186
980
4678
2114
9205
5429
6957
3485
5203
926
2712
4884
3875
5075
4192
607
9610
2370
8260
4495
1208
5501
1952
351
2747
3404
8577
9210
4002
2620
5575
702
8485
7069
2540
7151
1044
171
1860
7214
3549
426
9766
8763
5698
8408
234
1033
3914
5629
3379
7618
6902
4342
335
7386
6551
3795
7324
5528
4878
1389
8605
6258
2948
7660
1165
8777
3083
1192
5140
2469
116
9183
6216
6962
6579
838
166
3915
1232
3155
2369
7413
4944
6266
778
4304
3139
7463
8576
5625
8831
3212
1146
1283
717
2123
3411
8
8306
1574
1284
2907
433
6036
345
2207
5902
711
3309
3949
1206
5916
7751
3442
3774
1379
5625
5031
9993
8464
2822
7925
1550
8144
9525
7129
1465
5792
4227
5252
3377
8443
493
2726
5626
3026
382
3084
3964
4257
9158
840
9075
848
1372
496
3816
7671
4629
8505
9120
2357
9878
2245
3476
1363
6406
2922
8769
5508
4055
1382
6944
5120
9303
1136
2425
6465
3890
6177
3043
5597
1850
5906
8447
1926
5033
4759
9174
5487
2182
2509
6432
672
9511
864
1495
395
1862
1104
5195
4079
4359
3893
8567
4509
7193
8961
7620
5865
9451
9460
7405
1203
160
5478
7458
9095
9862
2112
3169
290
84
5372
2369
6439
3586
222
6177
7889
8909
7427
2753
8585
7627
3514
5327
4633
5515
2031
3605
546
1137
7839
9456
7131
273
9193
5380
8268
9706
9826
8335
2666
9238
5964
1275
6963
6686
6456
5608
4380
4130
5417
2442
9305
7370
7899
5214
8638
3031
2260
2834
259
9581
3146
1894
93
3013
5
8782
2395
510
7638
3657
8317
3492
6471
9255
2748
9956
2629
8790
9990
2590
4684
1933
6329
892
6098
3741
2018
5906
4871
6133
6262
903
9675
8326
1920
6611
1409
2598
7628
5401
4978
2872
5300
1335
2389
3547
8570
27
3197
3938
2725
5689
8148
660
7407
986
9623
4565
926
4951
2865
4389
4081
7782
3116
4343
9566
6708
5749
1829
7161
2372
5440
7858
2327
5895
6989
1456
2404
7324
617
4019
5714
538
9271
9190
100
9772
4144
6092
1098
8380
2553
1322
5213
1155
8852
1987
6797
8047
4842
7076
4616
2134
4008
785
2158
7707
9623
5887
2035
6063
3200
5683
4437
7817
9295
5387
7935
9321
5031
3180
622
3513
6327
6252
2657
7445
6428
2513
806
8317
7655
1769
658
3656
3664
9195
6513
1947
2955
9806
2912
5947
4490
9257
2262
3919
8307
1019
3178
1034
1812
9900
8241
3383
4356
1331
2615
5173
619
3625
8368
9845
2628
9405
1919
5234
8786
922
8391
8433
194
4551
3056
473
2192
2589
2141
9876
6940
6846
6827
7334
6477
9539
7820
126
118
4311
3861
8346
2057
5011
4149
9600
4282
1849
3767
3419
7909
7477
4217
7155
5091
1520
8158
4160
936
9975
4913
8591
6368
300
1388
3366
9644
9067
39
8821
3175
240
2836
6461
9375
2807
7931
9190
5984
6564
8610
252
4802
6820
9999
2745
4710
7715
945
2553
2284
6623
9308
3145
1082
573
867
3601
9928
2971
9002
8116
8095
2534
252
8342
2595
5133
1851
7630
6110
2773
2055
4332
1856
8895
9633
8940
9428
199
2880
2219
4724
2493
3636
8489
6111
3529
2472
768
1802
3883
5629
7909
8293
4673
1093
1068
5903
1021
397
1344
6349
9142
5679
5284
3927
7326
2135
5187
163
8867
4164
7983
9207
9530
1329
6984
2569
6793
3221
5851
4969
1955
4264
1661
4961
1274
8007
2744
5947
1487
8713
1398
8932
558
867
8219
2800
489
3336
2808
1150
4753
965
1228
5309
588
6477
1166
6575
6355
3329
6393
3293
5483
8834
3015
2603
1479
6217
6961
9070
2300
4295
6261
4939
1349
2200
7578
7185
440
8030
7760
7162
3416
9259
6059
5070
508
7215
2674
5865
1040
8979
5427
334
3051
5620
5785
9036
2801
1380
6640
240
4602
4222
3512
458
371
3001
520
9956
1219
2287
645
9057
1552
2686
3140
7459
3347
5102
556
3184
5273
6164
2544
3813
4155
1558
2891
2619
2817
6192
2956
9657
2595
1767
6437
7658
2080
861
766
3681
7778
5604
7775
5466
385
1925
6926
8371
6839
6819
9574
4587
772
1308
57
8377
276
400
198
7792
4701
6549
5342
8914
8621
1482
7428
2018
996
9339
292
7855
5357
4292
6262
1102
2275
9162
7362
630
6242
5862
2517
2210
395
2339
9605
5602
3804
2090
2674
6772
7231
2619
7022
9298
7010
1343
9054
4027
7
6268
2097
1670
7341
857
1696
8451
2414
7011
5415
1221
4954
6383
6196
5966
7061
4224
1085
2297
7420
7851
2694
5086
6478
3305
9475
1793
8536
1678
8523
3020
2065
2680
2974
8478
1864
9081
8776
3316
3290
5129
5846
9591
1129
7653
984
9078
3753
5132
9880
8357
1949
5100
2811
8806
9649
3481
5205
8775
5961
5166
4914
1645
8490
1111
5202
5792
743
6173
2372
7574
5760
1907
1670
9348
9366
1298
7436
8082
1825
9200
703
1679
2965
8070
7448
2853
8482
5057
3278
5085
8492
7912
7484
326
7899
1136
7622
6355
547
1693
6461
3651
3510
7243
2464
1029
6248
4060
3510
2826
2692
370
3754
7085
2494
1646
8438
4385
8616
378
8243
9723
1784
7301
2896
5568
4506
9997
7329
1535
8754
321
730
1746
5829
4231
524
4865
9273
7804
9038
935
6138
3018
3024
793
9006
7535
5021
2181
219
8828
5679
8615
6247
6906
2455
8882
897
4740
2444
7933
4830
1857
6739
8139
9302
240
1937
5248
688
6746
6798
8880
2011
8562
762
5946
191
3632
8308
2790
1827
5758
4952
7387
3200
7122
9336
628
1414
5614
9343
3540
7454
5684
5154
2423
1647
4142
9352
6266
1957
5757
5899
8142
7455
1616
5775
921
8488
1880
9587
3310
2040
793
3686
8590
5947
8996
4124
4479
7075
7139
961
3276
4522
7379
2349
4733
5114
777
8136
6168
5456
9295
1167
3512
6286
8302
6824
5485
7248
2112
4787
6916
5058
6758
530
1705
4240
3159
346
1882
3422
9802
8490
7293
7609
3798
6572
8517
3086
6488
218
2897
8313
6934
3762
1398
4080
1778
7533
6334
6273
2048
1708
4560
7913
7979
7924
7602
2583
900
636
7597
4369
8365
4148
1600
3045
5221
712
2232
9010
3589
8549
1326
6872
6139
556
4912
7549
100
8709
9861
2882
1760
1093
3275
3238
3056
3795
2388
6393
3091
2263
9697
1123
786
1172
4668
3605
1512
7832
1484
1936
1430
1570
3253
3926
1190
7523
1551
3470
9438
3256
6617
8075
3671
5559
636
6495
6559
5399
9092
3068
5724
2677
4029
8795
9298
1061
4666
5745
5958
102
5820
8207
2564
1512
7408
5945
2558
8050
9354
8681
8086
2335
4082
9300
8095
2361
7532
445
1790
5482
2140
6457
9910
1198
8057
4259
4869
9101
6689
7905
3129
2631
4701
8071
1047
7168
9447
6922
7533
159
1369
1159
4150
9826
4968
3221
462
1700
2625
8985
6327
5042
2883
2393
4651
2858
4253
5522
7202
1604
4457
509
3783
2405
4297
6304
2438
50
1953
4530
1289
4819
2261
6177
1700
1704
7844
8487
1325
7344
6197
6073
8176
1639
673
386
1297
3487
5634
656
275
8675
2458
7662
8265
3816
5159
3282
1035
2693
7206
119
8587
2101
8933
7373
1849
9434
3741
7424
820
1540
768
1271
7921
8322
7951
4701
3553
168
4063
3333
1262
3138
1037
2682
2038
5896
2848
4981
2636
9730
1646
5331
4843
6718
9905
2917
604
2735
3387
4345
6970
5640
4936
1433
3812
7466
5156
515
5779
779
6413
57
8844
7144
233
8106
5688
5083
9003
7441
3474
208
8642
9948
7825
3557
1474
7648
9319
656
1671
2778
2921
8406
615
7321
1136
4168
4120
7755
9150
1680
1170
7397
3205
5566
2550
2919
2149
5228
3040
5070
2357
8040
4024
2972
420
4915
479
8165
9776
7733
408
9932
9703
3235
261
1454
1148
7316
3604
28
2732
1105
6297
287
3265
5371
4653
855
7783
2049
455
2341
1293
2625
2251
8153
638
2191
7072
9438
2496
6757
8343
4997
5165
3706
2408
256
2145
6821
4831
2928
6243
1923
4135
3728
9448
712
7365
3796
227
8675
4521
6556
1025
1620
3008
2925
1605
2498
254
2034
7807
7080
1146
6383
7811
5265
602
4678
7319
3620
417
1262
6220
8881
2038
8321
8145
604
1206
1140
548
5641
125
620
3803
6473
145
6703
6034
6516
8496
3817
3701
3544
9723
6176
1265
768
4466
6810
5206
9672
2674
750
7087
2432
669
7496
7253
4016
6393
8737
7697
8123
1627
7502
3377
2423
1669
9815
7293
636
1886
1019
5210
7546
8065
1218
8734
7712
6937
8803
7541
7962
843
7400
8388
4907
4004
7519
6172
9244
4533
8881
1905
8707
7772
5768
9468
199
5285
109
1101
3122
3824
5472
3333
8745
5397
2028
1315
1001
1493
105
2030
2498
1091
2596
2018
7736
9332
7484
3038
4535
9698
318
5133
4615
9543
2356
532
4320
8392
6345
1068
2416
9951
3536
3343
7818
638
1110
7993
2946
7697
6836
647
5543
9283
778
4995
831
1716
2089
1955
3001
121
3775
7854
7711
4004
8728
4832
331
2550
2035
384
6059
290
2707
3712
3704
6868
1879
7333
7731
114
9645
4105
5921
2674
8994
4989
7673
5068
8860
1298
7707
961
9196
9497
36
4300
1950
5529
4799
9015
7139
7362
4542
4338
545
9952
1897
1328
809
3026
6950
9394
9242
1851
713
3752
4580
3721
4686
1076
8159
8180
8277
9842
205
777
2733
8582
221
5592
5317
436
5297
970
7455
8741
211
775
6149
952
4211
6647
2368
2264
244
7607
2487
3629
8552
6335
5701
1973
409
5681
2591
3012
5178
8596
2660
3850
6269
6723
4965
4692
4902
6992
4566
6853
463
6396
8470
2375
4221
2123
2092
7692
4564
8291
3138
8650
1143
326
3655
3303
4402
3921
2319
1952
8939
9444
238
2112
8422
6594
8918
8288
792
1867
284
6410
1822
8537
4657
6386
1120
5735
2704
6263
4176
5097
51
3782
1799
5544
4427
9456
4530
8988
7392
2301
7224
2159
4373
4225
608
1615
2304
2958
7024
1620
9193
154
4249
7652
1536
707
1634
7187
9892
9104
4961
2415
7170
9225
9185
9723
5770
9834
9713
169
5992
1092
6057
6238
3073
1588
2355
8001
9580
4600
1335
5700
2212
4143
2230
5702
6955
2753
2780
231
1217
5119
4560
4446
1157
9340
2878
2952
2844
4380
7
9330
5632
3356
2375
7992
8986
6146
4951
6863
7922
3270
6211
4832
5974
513
319
614
7018
4100
9718
2043
4415
6525
1748
8589
5239
2646
2740
439
5448
1886
5532
5997
9311
5517
5096
7159
2166
386
9124
1890
3833
1486
7822
8707
8982
1942
6971
1822
4388
8789
6825
3846
165
4385
2596
982
6430
127
6781
2511
790
6153
2008
6739
8285
8159
6821
3057
2848
2876
130
7202
9306
394
4319
1060
4381
6120
5169
7492
4449
9483
459
5825
9948
2003
7082
9263
1699
4160
528
7386
719
2596
5219
4091
372
1563
4903
128
3134
2728
3289
1190
7357
1905
301
3514
5490
5119
6267
65
1914
1310
3429
2213
6491
1532
6941
2577
2877
2352
421
94
1723
1640
9318
4863
4409
1240
372
7929
9769
2367
7826
3752
4793
3788
2354
8350
4734
6017
1680
5181
6983
9095
528
2359
6091
5667
2277
8804
1749
935
2115
6324
3233
4251
5751
9061
1959
3022
3478
8375
9672
4760
4723
750
9446
3506
5205
1896
4713
6440
8424
9984
879
1821
227
6274
755
7648
1562
4560
6658
5838
6020
4116
3786
247
4336
967
6676
9046
6451
4033
1635
6187
1637
6785
7405
8219
3870
1136
8202
2859
3579
5890
1387
2632
213
3549
8828
6795
5028
2428
4205
5451
3455
2166
9325
4452
4951
3595
2168
1766
2437
9822
1860
3473
5217
729
5782
9248
9813
8174
4314
6755
5361
7514
9010
7137
7392
1663
4366
205
6811
4802
4781
6793
492
3217
435
3304
5846
1465
4140
1641
4867
7479
3953
6753
6014
190
5480
7607
2642
233
7872
5686
9282
3745
3581
7871
651
7681
3296
8285
8343
4504
4267
2109
6883
3438
5108
5485
5331
2299
1016
516
2549
7701
6162
6707
1875
5976
2892
1243
5021
6890
37
7758
3686
2207
7651
8762
9790
2091
3419
7524
2192
5863
7871
7809
1596
1350
1511
8523
1784
855
7779
5473
1811
2461
4144
2864
1786
8702
3737
5025
526
2841
7680
7155
2517
9260
333
6203
2129
2197
2710
9416
2686
7479
6288
4460
5583
5055
4149
488
1948
7863
2134
9447
2661
7162
5426
6991
9258
9417
9224
755
6413
7902
6778
5836
2552
7232
1763
744
3132
3190
6554
7075
8057
1151
8471
2326
709
6081
3237
7230
5399
5553
1112
7839
4323
6786
482
9704
6171
6209
8817
4392
7459
4241
714
1841
6165
8258
7564
8172
5783
5384
2206
5853
3834
2953
9931
8600
9124
5542
864
676
4544
2126
2
8512
8005
4207
6117
2163
7236
366
1307
4360
4886
7449
281
8218
5798
4908
2689
7356
6746
1441
7099
9949
1143
7691
7205
169
8357
6900
989
1603
4625
2821
2348
7954
1363
7415
2085
8841
9999
216
5438
3244
831
4400
8143
6864
9489
1252
4809
5170
1901
9146
7769
1339
6714
1678
2316
8082
3457
7044
517
7490
6481
3312
5485
5117
5733
6755
5546
4753
4835
7286
2051
555
7719
8156
2675
218
8112
5635
5389
5413
6344
4171
6463
847
7337
1658
1081
313
5918
6911
8223
201
8248
3541
541
3114
9971
7690
2764
5460
7720
4609
4706
8269
8884
1366
3054
6800
2601
2368
2452
509
4387
4539
1765
4305
2638
9718
3108
1768
918
8090
292
2144
9199
7725
1366
4752
1078
8038
177
2601
7463
6722
3522
4219
4112
9029
2471
7371
7798
1733
3975
883
4023
3396
7973
858
7840
2844
3492
9814
1151
7296
7548
6272
8668
512
1133
6999
6340
9037
1636
5592
166
6894
4108
4236
7938
6803
2151
1538
7533
3816
29
5582
762
6236
2948
8498
3766
7826
6657
3212
7459
3591
8222
3312
6056
3590
8509
9288
8422
3209
2859
2697
8606
4368
8632
8312
8577
2694
1798
2221
9544
9138
3407
6118
8262
6444
3037
223
1306
1889
6980
7649
5433
1161
5187
2841
1899
4614
3179
2442
7509
2031
9742
7189
4551
8191
4749
600
6231
4296
219
2884
1630
9723
3461
8164
4929
2524
918
2347
1411
4833
5397
1277
9881
2076
8722
2209
6798
2746
1394
9749
231
1034
55
8419
3674
2306
6675
7715
7547
2622
9166
304
7191
1867
5030
7087
5621
5332
2215
4493
8937
1354
9404
873
2059
7993
3748
7618
8647
3112
2120
5890
2438
6401
1739
9051
1709
6002
6883
7665
8389
8275
9496
6264
6923
602
9515
5183
7176
8075
4425
9598
500
8723
3679
3980
6903
8455
9824
7508
6480
7881
3653
5240
3657
3899
1845
9526
4458
6231
3333
8154
1069
6974
9473
4165
2658
1391
6571
6141
7348
7386
2451
1141
3852
1878
537
1230
6869
5360
6687
1933
2159
2421
9778
1871
8168
7185
362
6363
3319
4217
6080
3815
7115
6790
4768
7950
3524
2275
4111
1648
8640
3946
5839
8682
9577
8329
6704
5719
8093
8490
8713
5959
7614
3603
5303
4016
3930
7804
1925
3858
8062
2687
7901
8975
39
9221
8462
9339
7017
4494
3839
9248
4
9088
1538
4021
5555
6021
1004
240
3159
9982
9381
729
372
9805
8827
9602
889
4113
5804
7924
5750
3107
5363
2123
7033
7041
2738
3364
698
8024
1250
1718
6840
2039
1143
3343
802
4402
3287
4512
6635
7092
651
7932
8024
2601
7207
717
5436
7899
3143
3944
9046
139
3291
1441
7273
1986
8261
1138
7725
4345
96
8760
9300
6070
883
5071
4399
4423
6118
2416
2305
2196
8053
2567
6532
6144
1090
9145
411
7760
799
8918
680
1024
3069
9276
3616
9842
6495
1548
1323
3672
2386
8705
1216
644
2705
9245
8256
5774
8628
4758
4865
2790
56
178
4687
9482
6613
831
638
186
1964
7622
4515
666
1568
4897
3668
4280
7383
6794
317
494
1152
7878
100
2042
6583
8146
7119
6877
966
4812
9300
8721
9775
5158
1345
1471
9240
4182
157
2319
2773
8145
1711
8240
6684
42
8718
4091
7205
5157
9129
2499
8753
1233
3752
7200
6509
5669
4098
429
4311
4474
1504
494
7728
1370
962
6934
7154
8999
6689
2584
1235
1886
6260
1660
2875
7838
2039
5956
7954
9924
2249
1647
7502
8953
8116
9870
44
7950
6835
9558
8093
870
1055
2661
6307
7062
8058
9432
5099
4776
9936
5596
9997
790
522
5876
82
1109
581
6139
7958
3231
9763
3098
6270
2614
1121
7228
7692
2742
6872
7200
5536
5290
583
5966
8081
5490
8289
4030
3308
7939
8819
8325
1884
2880
9689
737
9276
2376
3282
8792
8489
7759
4593
1820
4954
721
9909
6033
1828
5572
283
9490
889
5950
5330
7969
7490
5991
4607
7293
1341
4608
5939
7321
1592
1188
3482
1435
7982
2782
8292
418
2689
3963
2490
3212
4474
1473
841
934
2237
5280
1507
4069
3888
5224
823
6885
6381
5676
2797
1760
1477
5062
8646
9794
6760
4826
8291
826
6451
1471
213
2643
3881
1147
2037
9715
6773
9998
6726
3396
3342
8483
583
81
3596
722
3501
7747
6778
505
7009
1470
2557
9277
7974
5301
1364
6219
2269
1573
1489
8979
92
2209
4487
3624
7420
4201
9283
1121
9586
1072
2512
644
2081
2638
4566
1443
4558
9012
2579
1447
1460
9198
6141
8621
6937
8525
2326
1102
7473
4006
928
2771
961
981
7107
4553
2886
2118
8766
8289
7895
8437
682
5003
1704
1124
5141
548
6097
5949
2318
5549
431
6457
8652
6926
2233
9265
8435
219
485
8259
8089
6
7836
8711
4518
4870
1051
6577
4699
182
2108
5082
1733
880
5220
8123
9154
6428
2206
4489
1939
403
2104
9031
930
4953
2540
6904
8662
5931
3491
437
5620
9237
1109
4734
5832
1591
4595
4964
8661
2409
6360
1254
2489
2604
6765
6026
6996
8867
1725
5679
2027
2450
6425
8672
1448
390
2988
4251
3844
8373
9809
8147
1656
7015
6996
740
3104
9509
9030
6165
9410
4737
2309
1250
573
6118
5003
4890
84
4577
1638
7382
6109
7601
1704
5868
5862
7851
688
931
5000
8225
4521
4967
5358
5748
4321
4607
5799
9495
5468
7805
7802
3862
9754
8326
9322
2375
2503
4579
8090
5503
913
887
6818
6152
1855
2610
6387
8882
1968
7221
2248
9480
3842
8743
6909
308
9428
5496
9716
198
7854
6244
7414
3408
479
7018
6711
8406
6359
8157
1709
9444
502
7066
1426
3408
3621
2395
9032
9186
1300
5756
8652
9441
4051
525
286
5264
5109
3223
9136
6344
2962
6578
1150
9464
8252
2517
8125
1787
2036
191
2662
6665
5038
4679
4612
7984
3810
4687
2524
4164
3444
1519
9149
5956
9798
1167
7721
6575
3372
8259
1907
5975
401
5406
7401
6741
521
7905
819
638
7830
6755
6460
7125
3903
2069
4001
1808
2061
3222
7688
1679
4072
7381
6083
2954
258
9189
2469
2666
2674
2358
1588
4907
5380
8065
2815
5184
3950
3076
6690
6392
4870
2655
6872
4944
4626
1006
3552
2889
9152
4936
8067
8219
3608
1335
6437
2137
2975
2921
8810
6119
7917
3462
6380
2266
3169
1395
3370
8896
7187
8583
3346
9328
4346
1436
5921
1170
5024
72
7402
1473
386
1036
8230
2736
6156
957
7372
5756
3861
3889
2050
3680
1527
1868
818
494
7410
972
7759
6141
5328
98
1962
9198
8588
5378
4960
3780
1055
2972
7095
9426
2204
1468
9305
8343
5037
4479
7919
7672
6124
7895
1282
93
4070
7456
686
5343
1805
8340
1241
4879
9918
108
9426
7371
4451
8265
8061
445
6201
4066
6046
6388
5572
7678
7907
7847
2785
2484
1751
3991
5804
6705
3861
3188
8100
7994
2570
3107
124
9315
7326
5535
1715
7295
1732
5758
9926
5384
3087
2997
4852
7297
7847
5310
2595
7083
1677
984
1153
677
2716
6896
4541
3592
5392
8799
8151
9137
1532
3396
38
8448
550
4388
3464
7153
5045
6815
3071
760
1694
5732
618
1731
7963
2456
5441
8603
4814
1651
8342
7115
9301
9115
9576
563
8046
4150
2441
3359
1740
6361
978
1796
6474
5718
1590
299
176
6310
4773
1618
8260
1571
4626
4318
9266
1866
1878
2661
7007
3439
1766
7740
1866
2225
8211
3900
2245
6159
1169
9322
2003
2699
746
8615
1682
2430
1731
5237
5338
556
1520
2219
9254
1434
3380
1595
4803
3661
9739
5650
1735
9636
8059
848
949
7273
583
313
6669
8676
983
9739
1305
1953
5509
5201
6549
2659
1513
2823
622
9176
7095
8334
3871
9327
903
754
6727
1272
2454
8235
7967
2155
299
2625
7259
2459
5197
3555
6560
2476
2211
5210
501
8675
5963
3817
6940
3165
2239
1800
3522
5107
9188
6162
7861
28
4901
5803
134
5907
9057
4278
6767
3675
3552
8837
5079
5456
7851
6114
2643
8032
5469
1454
6159
3498
1172
8233
5278
8709
9964
497
1710
1828
15
1710
9696
2472
5061
4173
6455
4855
5874
4683
6382
9964
6561
5910
7166
2783
9947
9214
9440
4439
2285
4849
5649
364
3032
8183
9476
7138
1658
5131
4732
3363
158
1419
7177
1452
7519
2882
2834
5947
7603
6324
9925
2023
2822
7082
2619
4272
1252
47
5263
8793
7867
3049
4816
8227
9039
7676
4005
7068
9040
7035
9537
2584
3034
8769
6360
8062
4860
4064
8288
327
1771
4808
7691
7778
9511
1785
3476
7532
6061
2844
1144
9582
4943
2671
8615
423
3986
6688
8826
8507
7510
2668
4952
7372
9355
3208
1556
953
4418
7744
6473
6916
1505
4478
2073
9320
252
733
6417
714
2576
7806
7441
2223
2689
4379
9404
9759
1031
6698
7691
2856
4452
5301
2742
8918
3737
5688
869
2306
7210
3530
8452
3481
4463
6719
950
8430
3421
829
9995
3586
756
3869
2773
9059
3961
2261
6951
7891
8935
692
5375
2282
3698
7165
6550
7263
5325
5896
3429
2931
700
8917
2698
5566
2204
3347
459
1054
1074
5792
170
925
1697
1473
1242
4898
6368
4452
8433
9787
987
7620
7679
2042
5528
1773
7422
4685
1629
2257
9386
563
7105
3755
2322
4795
816
449
8831
2831
4483
7231
5845
8049
9327
7026
9049
8709
1196
2513
130
8192
4377
7939
8658
5391
4974
8829
8278
2314
227
1931
7148
2634
9551
8546
2309
7801
291
5619
1483
9098
6904
4642
9493
6361
406
1207
2345
851
6183
357
4033
1929
3595
3609
8929
4209
749
9317
2215
1822
7061
9118
8916
6273
5920
611
586
63
7917
2415
3159
6581
5273
7105
9297
570
1758
3433
3842
6916
6583
9781
8471
366
5959
2558
4595
5608
779
3181
6969
5423
5373
8450
7913
7231
538
5158
6954
7606
8278
5902
9626
4474
8511
8819
5314
3166
8575
1856
4510
6657
8566
6636
4715
6184
7159
4217
5553
5325
9441
4412
451
1415
6769
6062
2852
6492
4183
5282
8621
9765
2630
7112
2141
3361
9216
9105
5008
2716
6113
596
1875
6753
282
2961
5910
9838
178
9524
2722
7095
5864
4891
6910
8637
5691
5132
1773
1969
9613
3665
7434
884
3990
4117
5751
6288
4741
7940
482
8332
7996
3581
8953
812
797
379
2607
632
6367
5381
2512
510
86
7155
3537
3706
6642
9266
8203
2965
3270
3641
2650
9691
6508
957
2065
465
6119
9346
1248
2439
2377
5171
7017
2139
2230
5635
2767
2878
9912
2965
3424
7627
4133
7785
4933
2085
9726
9113
9463
1248
6345
5363
8164
4387
4401
7639
2642
2796
3596
771
1460
2468
8542
3997
9435
5429
9309
