8108
3830
5797
2864
3130
2144
1120
1235
9136
2167
4218
7613
5617
7834
9251
6473
3131
2521
5616
5128
3892
1172
2428
6478
7193
8341
7259
9244
5538
896
4431
2057
4170
6538
2495
8566
7694
7784
9572
6514
7572
1674
6214
6716
4638
3144
3815
3991
3967
9387
6093
4739
4381
2255
2758
425
3319
6455
1784
1239
5513
7218
7111
2845
4494
9197
506
215
918
4121
7167
1292
6104
2798
3806
1078
8345
9616
6476
8003
1277
8977
4737
8523
5709
743
8972
5827
2234
9663
37
738
2001
4162
5299
7298
8336
2855
4879
6393
2471
9706
1977
8472
2067
4492
1098
8276
1127
2266
7610
2803
3132
802
5666
1241
3483
1843
1940
5492
7096
4532
2650
645
4481
2552
1325
464
7046
1025
4343
6341
5596
3635
7674
3536
1053
5402
1410
3773
2019
2190
3193
8657
5861
1302
4986
1077
2416
5771
8136
9268
8697
3487
8399
1751
1538
8221
2043
3359
4699
3074
9608
8883
2011
5548
762
5162
5215
34
47
3691
7459
2725
9265
2867
4047
3846
2479
3031
7395
4360
1327
7434
7782
6950
813
1666
7467
312
5447
1270
1925
9138
5068
730
9773
8398
578
3535
2193
3660
8759
8196
1295
8822
7466
5938
8835
1497
5451
9990
7949
1681
9184
4544
8886
6739
9866
8652
5668
6817
9592
5454
2077
7978
9866
948
4345
5680
9288
4807
650
174
211
8113
9248
5978
2268
2645
9624
4247
9349
9964
8245
654
1141
6652
7570
8830
1984
8862
4183
7969
2597
1439
3370
2513
4057
3719
4135
6971
1893
9401
3043
3170
7356
6618
7214
231
3744
3734
6839
9017
4373
6079
9860
4743
4997
5783
3186
1661
5573
8032
1226
5615
3720
721
1205
3663
5219
1116
6657
9621
8993
3710
2852
400
6824
7543
192
936
4796
1451
1928
9653
9938
1048
1778
7957
6920
5465
573
3370
5491
7018
9653
3843
9512
764
7541
973
1839
2027
6828
7064
6789
8399
1812
2078
8929
1536
8895
5218
8394
9549
4594
1398
6374
1007
4854
383
4838
729
1132
717
8576
1795
6961
1125
2125
8840
5363
6449
1621
1532
6979
508
6007
98
5451
5350
8734
7132
370
9055
3104
4980
1101
257
8760
8907
2889
7118
3351
9809
4518
156
2582
692
822
5406
9311
2652
1446
726
7021
8758
1308
7239
1281
9711
322
5984
519
7988
7378
6197
3096
1736
3203
5328
1392
5590
6018
4873
1587
5207
8644
3377
7244
5461
8011
9013
6118
4177
5287
2433
1407
723
6959
5091
7306
8576
8465
514
9475
2880
9014
3711
2600
2545
6441
938
5014
9782
7322
8136
4274
3700
7981
691
7050
4670
5480
3747
5963
6895
5710
1596
131
5097
181
5208
6073
5067
1247
8566
5548
5704
4551
1970
8682
6102
154
8344
9587
7028
4520
9171
8972
2496
2490
2107
4632
9239
7591
5791
7860
4718
9794
5166
529
3601
166
9276
712
9066
2757
7763
5129
2708
3437
4664
6773
9840
6396
192
8749
6296
2741
6323
1610
5842
5923
1792
142
3512
574
3569
5354
4134
2876
7023
8082
4147
2441
9529
1646
883
3642
7122
3826
2491
1455
3257
2369
8231
6551
1596
893
3370
3448
4015
2642
3956
5823
9146
4644
1416
837
4353
5893
2062
6851
3512
5788
1462
5479
4278
3203
3407
5575
8121
6463
7079
101
2523
3797
8947
260
7364
8091
7457
9354
4447
6429
5788
5223
2193
1186
9232
6661
5960
1454
6927
6336
2368
328
2628
2391
5148
8703
7189
5716
867
4312
5310
9976
3320
2219
8396
2651
926
7168
1814
9507
364
1860
4563
8178
1422
2032
1128
3733
6749
5147
8657
2506
8256
3135
915
3698
1538
8138
9823
552
693
7862
3913
1856
4279
9930
25
8179
948
8626
3121
7594
589
3421
9473
5305
4248
5894
9160
5150
8392
7382
8684
330
8302
9319
3644
1792
3392
3260
4867
6523
7097
4047
4735
8389
113
8219
483
6789
7486
9419
7642
7480
4490
3970
8446
5475
9480
701
2200
8648
5874
6933
1640
7496
3796
7674
6023
2008
2270
9725
154
2166
3734
1788
1978
2398
3308
7812
7922
2216
290
1249
2297
436
1980
6426
913
3049
1156
6363
2543
6602
1954
2642
6428
8251
186
4510
1147
3250
9205
485
3948
8737
9492
6454
4960
8579
2434
8430
1998
6453
1578
6734
822
6839
1818
1004
580
1715
1942
3705
9302
1565
5472
3412
689
7867
5382
9821
1698
2903
9612
1324
4321
4051
1884
2627
890
1805
6603
6465
8335
5283
6654
6009
7608
8
2236
4594
1581
648
2502
8304
2245
7960
1348
2051
3568
9873
1458
2814
5474
223
3915
6395
5312
4181
885
4109
6560
1588
8238
69
4060
2747
4356
7354
6632
7904
8619
5843
2325
5584
2122
2182
724
7620
3975
8663
2943
1589
7413
1913
932
9105
5851
7144
9699
6222
3399
8378
9418
9311
7539
8531
7807
6677
9382
6568
5294
7591
5822
1767
5492
2213
2556
1045
1979
7017
4896
647
2662
8591
1944
4758
3344
5318
2467
6156
1760
8295
7723
436
6496
9302
786
1201
4174
5928
8891
365
5042
1844
317
2214
4193
1084
4180
884
8370
30
664
2077
3615
245
7906
2668
1406
342
1356
544
8976
9544
7384
657
2713
4995
340
3033
2034
4844
6972
208
7980
5312
3584
2632
8582
2704
2600
5834
7376
7947
5606
6017
7120
1410
7851
8949
7861
7528
3420
1323
1403
136
7302
2475
5342
9996
800
1809
6227
4331
9104
4009
1331
4514
5952
8533
7545
6902
3122
9249
6062
3929
2898
2201
1538
6268
8491
6121
1646
9332
2877
8500
3992
1264
2094
233
6775
2553
8382
2611
3096
3546
8767
6128
4672
8915
5524
8261
3171
3465
6905
6464
2148
1312
9028
7662
3965
4491
9003
3150
2978
3923
4486
1525
4273
5143
3302
1955
7292
8323
4310
7190
491
5444
5297
141
2699
9850
949
5760
7356
7039
3110
2031
2938
5303
5493
9496
7465
4009
2722
989
1031
8573
6320
1605
204